Grupos com alocacao
4 293
6 435
10 390
11 32
18 161
22 287
24 528
26 143
29 428
32 173
33 372
42 341
43 302
45 305
46 540
49 156
50 521
51 255
54 537
61 400
62 493
64 46
67 432
69 197
72 188
74 222
76 404
77 226
78 277
82 404
85 165
90 61
91 36
93 225
95 16
96 466
97 71
99 162
100 97
102 19
104 43
105 315
106 471
108 452
110 360
114 120
115 491
116 334
118 344
119 416
120 452
122 334
124 90
125 485
127 441
128 287
137 14
139 4
140 369
141 153
142 542
144 365
145 521
146 563
147 235
148 427
150 21
157 534
158 496
161 82
163 493
173 154
179 186
182 552
184 206
185 202
187 177
189 154
190 2
193 130
197 31
201 254
208 501
209 332
211 501
213 66
218 346
219 16
222 393
223 243
229 139
230 236
232 284
238 485
244 445
247 561
254 395
258 502
259 370
260 233
262 556
263 555
264 172
267 246
268 433
269 444
271 367
272 552
274 519
280 174
284 549
286 294
288 1
289 182
294 426
297 219
300 322
301 128
303 64
304 484
305 57
308 156
313 212
314 558
316 359
317 132
318 458
319 354
320 207
321 483
325 109
327 263
328 274
329 243
330 346
332 192
334 565
335 300
339 298
340 49
341 278
342 255
344 429
345 387
346 492
348 391
356 227
361 226
362 392
364 403
366 464
368 344
371 219
376 301
379 191
382 475
386 280
387 74
388 457
391 107
392 506
393 337
397 140
398 338
400 454
401 6
402 135
403 429
405 195
406 51
408 408
412 171
413 387
414 414
416 344
425 525
426 523
428 44
429 347
440 189
444 103
448 59
453 90
455 63
461 355
463 261
471 334
473 23
476 415
477 450
478 211
484 129
487 511
488 410
490 356
494 78
495 112
496 382
498 541
500 271
501 444
506 257
508 326
509 537
512 189
515 371
516 424
518 234
521 264
530 159
531 293
532 388
536 101
548 282
549 218
553 495
554 187
556 462
561 312
566 101
570 3
571 230
572 140
573 32
576 332
579 282
580 120
581 157
582 134
584 274
585 378
593 169
594 276
597 198
601 124
602 350
605 243
606 280
615 318
617 75
618 211
620 257
623 405
624 192
625 197
626 497
628 514
629 450
630 374
635 350
636 313
638 467
640 343
641 275
643 278
644 192
650 450
653 229
654 78
657 88
658 555
664 446
667 41
670 175
673 167
675 137
680 112
681 339
686 456
688 371
691 148
692 231
699 541
700 445
702 34
704 478
705 514
714 522
720 14
721 424
722 395
724 381
733 186
736 200
738 373
743 462
744 511
745 369
747 83
750 364
753 303
754 534
756 40
757 369
762 21
764 316
765 153
768 547
777 67
779 228
783 46
784 18
789 359
790 483
791 34
792 278
797 223
798 540
800 529
801 129
805 36
810 529
816 426
818 123
824 478
830 339
831 81
836 93
840 371
842 373
844 229
846 189
852 166
858 78
859 106
862 328
866 519
870 130
872 273
874 41
881 514
882 44
883 289
884 526
886 511
889 341
898 318
903 541
905 194
907 166
911 521
915 163
917 153
918 315
919 69
927 455
931 482
934 529
935 169
937 318
938 523
941 405
946 47
954 103
956 536
958 391
959 157
966 261
967 6
971 304
977 187
979 270
982 287
983 137
985 377
988 14
990 412
993 88
998 270
1001 315
1006 299
1010 18
1011 559
1015 433
1016 112
1017 11
1025 334
1026 511
1027 108
1028 199
1031 83
1032 223
1041 429
1049 303
1052 322
1058 163
1060 278
1061 472
1065 235
1066 30
1077 23
1081 360
1087 118
1091 412
1092 236
1094 302
1095 359
1098 397
1099 417
1110 380
1111 152
1115 46
1116 362
1119 339
1122 438
1124 388
1126 211
1127 510
1128 428
1130 435
1132 211
1142 301
1143 293
1147 319
1149 487
1153 201
1158 337
1161 18
1163 417
1165 141
1166 444
1167 560
1169 97
1173 176
1174 42
1175 422
1179 557
1181 161
1182 44
1186 382
1187 559
1189 530
1190 396
1200 338
1201 508
1203 476
1205 220
1207 219
1209 337
1212 268
1214 49
1220 88
1221 87
1222 495
1224 41
1230 540
1233 100
1235 493
1237 279
1239 280
1242 461
1244 537
1245 15
1249 244
1253 66
1260 535
1261 516
1264 130
1265 529
1270 468
1271 21
1274 209
1275 2
1276 247
1278 483
1279 434
1280 455
1283 154
1285 21
1286 15
1289 459
1296 11
1297 475
1300 40
1301 457
1305 203
1306 258
1308 379
1315 163
1316 178
1322 534
1331 305
1333 130
1335 319
1336 80
1341 95
1343 368
1344 325
1346 288
1348 470
1350 363
1352 84
1353 359
1354 194
1355 77
1357 404
1360 332
1368 192
1369 99
1370 461
1371 301
1372 246
1373 493
1375 496
1376 522
1379 196
1385 342
1386 408
1388 173
1389 143
1391 534
1395 241
1396 400
1400 304
1403 130
1405 438
1408 367
1413 274
1414 559
1415 446
1416 13
1420 57
1422 252
1423 173
1432 438
1433 252
1437 332
1445 496
1448 446
1449 307
1456 516
1461 320
1463 38
1464 44
1466 477
1470 474
1473 394
1478 496
1479 203
1485 482
1486 4
1487 426
1489 279
1491 132
1493 201
1494 498
1495 481
1496 117
1500 269
1503 204
1506 129
1509 109
1510 339
1511 169
1512 176
1513 524
1521 559
1525 522
1527 555
1528 302
1529 148
1532 236
1534 230
1539 109
1540 232
1542 244
1543 292
1545 180
1546 222
1548 533
1549 123
1556 204
1557 140
1568 83
1569 287
1570 505
1575 464
1580 319
1582 128
1583 407
1585 349
1589 90
1593 324
1596 200
1600 271
1601 72
1608 392
1611 31
1618 509
1620 476
1621 382
1627 311
1628 165
1631 60
1633 106
1634 446
1635 466
1636 544
1638 111
1639 27
1642 435
1648 393
1651 212
1652 269
1653 458
1656 97
1662 92
1664 257
1666 448
1668 13
1670 515
1671 370
1672 510
1673 24
1674 540
1676 247
1678 377
1679 551
1681 305
1682 6
1691 489
1692 412
1693 103
1696 279
1699 182
1700 49
1705 265
1711 43
1713 529
1714 269
1719 482
1723 124
1724 23
1726 468
1735 156
1736 441
1740 8
1741 514
1742 195
1744 15
1747 372
1750 455
1752 545
1753 360
1759 15
1761 524
1763 71
1765 448
1769 317
1771 559
1775 180
1782 297
1787 347
1789 78
1792 485
1797 182
1798 209
1802 437
1807 16
1808 370
1810 5
1814 307
1815 167
1817 392
1822 148
1824 366
1832 492
1833 315
1834 488
1835 187
1837 201
1839 200
1841 334
1845 162
1846 496
1852 223
1854 212
1858 415
1859 197
1862 429
1863 348
1872 188
1873 100
1874 188
1876 263
1880 509
1882 106
1884 530
1885 553
1888 243
1892 340
1893 181
1895 455
1896 466
1897 246
1898 83
1900 234
1901 511
1906 169
1907 369
1908 225
1916 83
1921 121
1927 27
1928 242
1930 162
1933 31
1936 550
1938 108
1939 391
1947 360
1948 102
1950 289
1952 335
1953 458
1957 70
1959 13
1961 393
1962 207
1965 502
1969 465
1970 562
1971 327
1974 49
1975 495
1978 33
1981 276
1983 498
1984 465
1991 385
1995 147
1998 481
1999 440
2003 446
2005 494
2006 271
2008 354
2009 196
2010 78
2012 72
2013 91
2018 403
2033 357
2037 514
2038 419
2039 544
2040 112
2043 418
2046 131
2048 541
2049 40
2052 164
2058 305
2063 53
2064 318
2065 409
2066 259
2070 445
2072 202
2074 553
2080 255
2082 314
2085 543
2086 188
2093 91
2096 99
2097 452
2098 502
2100 91
2101 40
2104 477
2106 521
2109 248
2121 234
2122 456
2127 370
2130 481
2132 469
2135 92
2140 436
2141 85
2146 90
2149 76
2154 307
2155 188
2156 85
2158 475
2159 340
2161 557
2162 482
2164 59
2166 231
2170 82
2171 323
2172 269
2174 49
2176 473
2179 369
2182 344
2189 242
2206 266
2207 164
2208 92
2212 542
2214 92
2216 388
2218 209
2223 298
2225 393
2229 54
2230 459
2235 476
2242 345
2249 256
2252 391
2253 293
2255 90
2256 178
2261 414
2262 539
2263 307
2266 136
2267 354
2274 91
2276 314
2280 16
2283 287
2284 451
2287 349
2288 259
2293 280
2294 430
2298 328
2299 321
2301 335
2304 312
2305 92
2306 79
2308 219
2309 184
2314 111
2317 349
2320 390
2323 26
2326 122
2330 261
2333 15
2335 359
2339 387
2340 452
2346 533
2347 265
2351 236
2358 335
2359 406
2361 524
2363 532
2365 239
2366 466
2368 406
2373 522
2379 165
2380 2
2381 181
2383 510
2384 302
2388 157
2389 27
2390 261
2391 311
2394 233
2395 263
2397 94
2398 143
2399 23
2403 439
2404 386
2408 19
2411 270
2415 131
2421 522
2423 230
2424 493
2426 239
2427 264
2428 72
2431 84
2439 185
2440 231
2441 358
2442 540
2444 13
2445 175
2447 221
2449 483
2450 223
2451 303
2459 364
2460 339
2463 66
2467 428
2473 373
2477 16
2482 66
2484 309
2485 106
2486 414
2487 445
2489 403
2490 151
2493 248
2501 14
2503 431
2504 450
2505 485
2506 112
2507 51
2508 186
2509 430
2510 462
2513 275
2518 53
2520 2
2521 468
2525 52
2529 219
2530 548
2531 189
2532 40
2535 89
2536 153
2540 57
2543 347
2544 436
2548 17
2549 43
2550 99
2552 47
2553 348
2555 391
2557 289
2559 535
2560 154
2561 553
2562 242
2566 9
2573 436
2575 163
2578 343
2579 546
2580 427
2584 302
2587 132
2591 221
2592 424
2596 344
2601 230
2603 309
2609 122
2610 21
2613 80
2618 71
2621 475
2622 332
2624 307
2625 437
2626 223
2627 466
2629 140
2632 317
2633 22
2634 450
2636 102
2639 9
2642 271
2643 461
2645 190
2649 331
2652 11
2654 381
2655 181
2656 14
2661 6
2663 386
2667 404
2668 156
2670 106
2671 410
2675 243
2676 230
2677 256
2679 414
2680 505
2681 420
2682 160
2686 200
2687 185
2689 183
2692 147
2694 259
2695 41
2697 167
2699 538
2700 546
2701 152
2704 222
2705 481
2706 460
2713 259
2715 433
2720 247
2727 390
2730 265
2733 27
2734 81
2735 386
2746 348
2751 109
2753 472
2759 228
2760 180
2763 207
2764 1
2766 317
2768 434
2771 238
2772 455
2773 437
2777 13
2778 356
2781 449
2782 314
2790 317
2793 134
2795 554
2796 396
2797 208
2798 392
2800 445
2803 315
2807 185
2810 497
2811 3
2817 74
2819 169
2823 163
2824 233
2825 437
Candidatos nao alocados
1
2
3
5
7
8
9
12
13
14
15
16
17
19
20
21
23
25
27
28
30
31
34
35
36
37
38
39
40
41
44
47
48
52
53
55
56
57
58
59
60
63
65
66
68
70
71
73
75
79
80
81
83
84
86
87
88
89
92
94
98
101
103
107
109
111
112
113
117
121
123
126
129
130
131
132
133
134
135
136
138
143
149
151
152
153
154
155
156
159
160
162
164
165
166
167
168
169
170
171
172
174
175
176
177
178
180
181
183
186
188
191
192
194
195
196
198
199
200
202
203
204
205
206
207
210
212
214
215
216
217
220
221
224
225
226
227
228
231
233
234
235
236
237
239
240
241
242
243
245
246
248
249
250
251
252
253
255
256
257
261
265
266
270
273
275
276
277
278
279
281
282
283
285
287
290
291
292
293
295
296
298
299
302
306
307
309
310
311
312
315
322
323
324
326
331
333
336
337
338
343
347
349
350
351
352
353
354
355
357
358
359
360
363
365
367
369
370
372
373
374
375
377
378
380
381
383
384
385
389
390
394
395
396
399
404
407
409
410
411
415
417
418
419
420
421
422
423
424
427
430
431
432
433
434
435
436
437
438
439
441
442
443
445
446
447
449
450
451
452
454
456
457
458
459
460
462
464
465
466
467
468
469
470
472
474
475
479
480
481
482
483
485
486
489
491
492
493
497
499
502
503
504
505
507
510
511
513
514
517
519
520
522
523
524
525
526
527
528
529
533
534
535
537
538
539
540
541
542
543
544
545
546
547
550
551
552
555
557
558
559
560
562
563
564
565
567
568
569
574
575
577
578
583
586
587
588
589
590
591
592
595
596
598
599
600
603
604
607
608
609
610
611
612
613
614
616
619
621
622
627
631
632
633
634
637
639
642
645
646
647
648
649
651
652
655
656
659
660
661
662
663
665
666
668
669
671
672
674
676
677
678
679
682
683
684
685
687
689
690
693
694
695
696
697
698
701
703
706
707
708
709
710
711
712
713
715
716
717
718
719
723
725
726
727
728
729
730
731
732
734
735
737
739
740
741
742
746
748
749
751
752
755
758
759
760
761
763
766
767
769
770
771
772
773
774
775
776
778
780
781
782
785
786
787
788
793
794
795
796
799
802
803
804
806
807
808
809
811
812
813
814
815
817
819
820
821
822
823
825
826
827
828
829
832
833
834
835
837
838
839
841
843
845
847
848
849
850
851
853
854
855
856
857
860
861
863
864
865
867
868
869
871
873
875
876
877
878
879
880
885
887
888
890
891
892
893
894
895
896
897
899
900
901
902
904
906
908
909
910
912
913
914
916
920
921
922
923
924
925
926
928
929
930
932
933
936
939
940
942
943
944
945
947
948
949
950
951
952
953
955
957
960
961
962
963
964
965
968
969
970
972
973
974
975
976
978
980
981
984
986
987
989
991
992
994
995
996
997
999
1000
1002
1003
1004
1005
1007
1008
1009
1012
1013
1014
1018
1019
1020
1021
1022
1023
1024
1029
1030
1033
1034
1035
1036
1037
1038
1039
1040
1042
1043
1044
1045
1046
1047
1048
1050
1051
1053
1054
1055
1056
1057
1059
1062
1063
1064
1067
1068
1069
1070
1071
1072
1073
1074
1075
1076
1078
1079
1080
1082
1083
1084
1085
1086
1088
1089
1090
1093
1096
1097
1100
1101
1102
1103
1104
1105
1106
1107
1108
1109
1112
1113
1114
1117
1118
1120
1121
1123
1125
1129
1131
1133
1134
1135
1136
1137
1138
1139
1140
1141
1144
1145
1146
1148
1150
1151
1152
1154
1155
1156
1157
1159
1160
1162
1164
1168
1170
1171
1172
1176
1177
1178
1180
1183
1184
1185
1188
1191
1192
1193
1194
1195
1196
1197
1198
1199
1202
1204
1206
1208
1210
1211
1213
1215
1216
1217
1218
1219
1223
1225
1226
1227
1228
1229
1231
1232
1234
1236
1238
1240
1241
1243
1246
1247
1248
1250
1251
1252
1254
1255
1256
1257
1258
1259
1262
1263
1266
1267
1268
1269
1272
1273
1277
1281
1282
1284
1287
1288
1290
1291
1292
1293
1294
1295
1298
1299
1302
1303
1304
1307
1309
1310
1311
1312
1313
1314
1317
1318
1319
1320
1321
1323
1324
1325
1326
1327
1328
1329
1330
1332
1334
1337
1338
1339
1340
1342
1345
1347
1349
1351
1356
1358
1359
1361
1362
1363
1364
1365
1366
1367
1374
1377
1378
1380
1381
1382
1383
1384
1387
1390
1392
1393
1394
1397
1398
1399
1401
1402
1404
1406
1407
1409
1410
1411
1412
1417
1418
1419
1421
1424
1425
1426
1427
1428
1429
1430
1431
1434
1435
1436
1438
1439
1440
1441
1442
1443
1444
1446
1447
1450
1451
1452
1453
1454
1455
1457
1458
1459
1460
1462
1465
1467
1468
1469
1471
1472
1474
1475
1476
1477
1480
1481
1482
1483
1484
1488
1490
1492
1497
1498
1499
1501
1502
1504
1505
1507
1508
1514
1515
1516
1517
1518
1519
1520
1522
1523
1524
1526
1530
1531
1533
1535
1536
1537
1538
1541
1544
1547
1550
1551
1552
1553
1554
1555
1558
1559
1560
1561
1562
1563
1564
1565
1566
1567
1571
1572
1573
1574
1576
1577
1578
1579
1581
1584
1586
1587
1588
1590
1591
1592
1594
1595
1597
1598
1599
1602
1603
1604
1605
1606
1607
1609
1610
1612
1613
1614
1615
1616
1617
1619
1622
1623
1624
1625
1626
1629
1630
1632
1637
1640
1641
1643
1644
1645
1646
1647
1649
1650
1654
1655
1657
1658
1659
1660
1661
1663
1665
1667
1669
1675
1677
1680
1683
1684
1685
1686
1687
1688
1689
1690
1694
1695
1697
1698
1701
1702
1703
1704
1706
1707
1708
1709
1710
1712
1715
1716
1717
1718
1720
1721
1722
1725
1727
1728
1729
1730
1731
1732
1733
1734
1737
1738
1739
1743
1745
1746
1748
1749
1751
1754
1755
1756
1757
1758
1760
1762
1764
1766
1767
1768
1770
1772
1773
1774
1776
1777
1778
1779
1780
1781
1783
1784
1785
1786
1788
1790
1791
1793
1794
1795
1796
1799
1800
1801
1803
1804
1805
1806
1809
1811
1812
1813
1816
1818
1819
1820
1821
1823
1825
1826
1827
1828
1829
1830
1831
1836
1838
1840
1842
1843
1844
1847
1848
1849
1850
1851
1853
1855
1856
1857
1860
1861
1864
1865
1866
1867
1868
1869
1870
1871
1875
1877
1878
1879
1881
1883
1886
1887
1889
1890
1891
1894
1899
1902
1903
1904
1905
1909
1910
1911
1912
1913
1914
1915
1917
1918
1919
1920
1922
1923
1924
1925
1926
1929
1931
1932
1934
1935
1937
1940
1941
1942
1943
1944
1945
1946
1949
1951
1954
1955
1956
1958
1960
1963
1964
1966
1967
1968
1972
1973
1976
1977
1979
1980
1982
1985
1986
1987
1988
1989
1990
1992
1993
1994
1996
1997
2000
2001
2002
2004
2007
2011
2014
2015
2016
2017
2019
2020
2021
2022
2023
2024
2025
2026
2027
2028
2029
2030
2031
2032
2034
2035
2036
2041
2042
2044
2045
2047
2050
2051
2053
2054
2055
2056
2057
2059
2060
2061
2062
2067
2068
2069
2071
2073
2075
2076
2077
2078
2079
2081
2083
2084
2087
2088
2089
2090
2091
2092
2094
2095
2099
2102
2103
2105
2107
2108
2110
2111
2112
2113
2114
2115
2116
2117
2118
2119
2120
2123
2124
2125
2126
2128
2129
2131
2133
2134
2136
2137
2138
2139
2142
2143
2144
2145
2147
2148
2150
2151
2152
2153
2157
2160
2163
2165
2167
2168
2169
2173
2175
2177
2178
2180
2181
2183
2184
2185
2186
2187
2188
2190
2191
2192
2193
2194
2195
2196
2197
2198
2199
2200
2201
2202
2203
2204
2205
2209
2210
2211
2213
2215
2217
2219
2220
2221
2222
2224
2226
2227
2228
2231
2232
2233
2234
2236
2237
2238
2239
2240
2241
2243
2244
2245
2246
2247
2248
2250
2251
2254
2257
2258
2259
2260
2264
2265
2268
2269
2270
2271
2272
2273
2275
2277
2278
2279
2281
2282
2285
2286
2289
2290
2291
2292
2295
2296
2297
2300
2302
2303
2307
2310
2311
2312
2313
2315
2316
2318
2319
2321
2322
2324
2325
2327
2328
2329
2331
2332
2334
2336
2337
2338
2341
2342
2343
2344
2345
2348
2349
2350
2352
2353
2354
2355
2356
2357
2360
2362
2364
2367
2369
2370
2371
2372
2374
2375
2376
2377
2378
2382
2385
2386
2387
2392
2393
2396
2400
2401
2402
2405
2406
2407
2409
2410
2412
2413
2414
2416
2417
2418
2419
2420
2422
2425
2429
2430
2432
2433
2434
2435
2436
2437
2438
2443
2446
2448
2452
2453
2454
2455
2456
2457
2458
2461
2462
2464
2465
2466
2468
2469
2470
2471
2472
2474
2475
2476
2478
2479
2480
2481
2483
2488
2491
2492
2494
2495
2496
2497
2498
2499
2500
2502
2511
2512
2514
2515
2516
2517
2519
2522
2523
2524
2526
2527
2528
2533
2534
2537
2538
2539
2541
2542
2545
2546
2547
2551
2554
2556
2558
2563
2564
2565
2567
2568
2569
2570
2571
2572
2574
2576
2577
2581
2582
2583
2585
2586
2588
2589
2590
2593
2594
2595
2597
2598
2599
2600
2602
2604
2605
2606
2607
2608
2611
2612
2614
2615
2616
2617
2619
2620
2623
2628
2630
2631
2635
2637
2638
2640
2641
2644
2646
2647
2648
2650
2651
2653
2657
2658
2659
2660
2662
2664
2665
2666
2669
2672
2673
2674
2678
2683
2684
2685
2688
2690
2691
2693
2696
2698
2702
2703
2707
2708
2709
2710
2711
2712
2714
2716
2717
2718
2719
2721
2722
2723
2724
2725
2726
2728
2729
2731
2732
2736
2737
2738
2739
2740
2741
2742
2743
2744
2745
2747
2748
2749
2750
2752
2754
2755
2756
2757
2758
2761
2762
2765
2767
2769
2770
2774
2775
2776
2779
2780
2783
2784
2785
2786
2787
2788
2789
2791
2792
2794
2799
2801
2802
2804
2805
2806
2808
2809
2812
2813
2814
2815
2816
2818
2820
2821
2822
2826
2827
2828
2829
2830
2831
