565
3 79
4 69
2 68
2 81
5 89
4 63
2 94
1 60
2 71
1 93
3 60
1 91
5 67
5 66
5 80
5 65
1 75
3 65
3 82
2 92
5 70
2 81
4 70
4 84
5 84
1 70
4 72
3 87
5 88
2 81
3 71
2 67
4 88
2 76
3 84
2 67
3 91
1 77
1 90
5 65
4 63
1 86
3 68
4 75
2 93
3 84
2 65
5 84
5 66
1 89
2 66
1 63
4 87
1 66
5 94
1 86
3 81
2 88
2 77
1 68
1 67
4 88
1 70
1 85
1 94
4 73
3 91
4 92
1 79
1 87
5 78
3 69
4 92
2 71
1 89
1 93
1 73
5 71
1 80
5 81
2 65
2 65
5 72
2 63
5 81
1 82
3 84
3 68
4 78
5 63
4 66
5 62
3 86
1 72
1 68
3 83
3 69
3 89
3 68
2 78
2 71
2 83
3 61
5 93
2 88
5 71
1 64
2 78
4 73
2 86
2 72
5 70
1 89
3 92
3 87
5 80
4 89
1 74
3 94
2 71
1 70
5 82
2 68
2 76
4 85
5 89
5 93
5 82
3 79
5 60
2 68
3 66
2 84
2 73
2 89
3 86
2 78
3 88
1 85
5 76
1 91
5 94
3 65
2 87
4 94
3 88
2 66
4 79
5 77
2 85
1 82
2 76
4 70
4 73
3 76
5 76
3 61
1 92
1 65
1 60
3 82
5 78
5 61
4 77
3 68
5 76
3 76
5 88
5 67
2 83
2 84
1 80
5 78
1 76
3 80
2 66
5 84
2 68
5 94
5 79
3 70
4 84
1 68
2 85
3 77
3 69
3 62
5 70
4 62
1 86
5 88
4 71
5 89
2 71
5 83
2 70
5 74
1 65
3 84
4 73
3 66
4 87
4 82
2 70
4 92
3 82
3 78
3 78
3 65
1 93
4 77
3 73
5 90
3 90
2 83
2 93
5 88
1 65
5 61
1 69
2 78
3 65
5 70
1 81
3 81
4 79
1 77
3 83
2 74
5 64
3 70
5 75
3 65
3 61
3 81
4 75
3 88
1 76
2 75
4 87
5 84
3 66
5 65
2 65
4 89
3 71
3 73
2 78
3 85
4 93
4 89
2 70
5 91
1 62
5 72
2 79
3 73
4 87
4 73
4 86
4 67
2 78
3 79
2 69
3 75
1 69
3 88
1 75
5 74
3 74
4 65
1 94
5 89
3 71
2 82
2 67
1 65
4 61
5 75
4 67
1 85
2 73
2 92
1 63
2 94
1 88
5 67
3 89
3 64
3 86
3 89
3 85
4 78
1 80
3 86
5 94
1 83
4 84
1 83
1 64
3 66
5 67
3 68
4 90
4 69
2 92
5 68
5 83
2 81
2 83
2 62
4 88
1 60
3 63
5 67
1 88
5 77
4 73
3 73
1 65
5 83
2 68
1 87
1 71
1 66
1 74
1 73
2 71
4 88
5 93
1 64
5 74
4 88
5 66
3 76
1 90
3 69
5 86
5 63
5 83
2 86
4 85
2 70
5 78
1 75
4 83
3 75
3 69
3 75
2 61
3 93
5 93
3 84
3 66
1 78
4 88
2 78
1 85
5 64
4 61
5 94
4 94
1 66
2 76
1 72
1 78
5 82
1 82
5 73
4 70
3 67
5 82
3 79
1 64
4 92
1 86
4 79
1 89
4 88
1 73
2 76
3 81
2 94
4 90
4 89
5 79
3 65
3 74
4 89
3 68
5 75
4 68
4 66
1 90
2 83
5 82
1 79
2 87
2 92
5 86
4 85
4 89
3 66
4 63
3 76
2 68
2 89
2 64
3 92
3 90
4 82
3 63
1 94
4 71
5 82
1 78
4 83
5 86
1 73
1 64
3 91
3 77
3 94
3 73
5 91
3 67
2 64
3 72
4 78
2 61
1 87
4 90
4 81
4 88
3 60
5 78
4 83
3 63
1 66
4 87
4 77
5 85
1 93
3 69
5 61
5 66
3 92
2 84
2 81
5 60
1 61
4 70
5 81
1 81
5 76
2 75
2 65
3 82
2 61
1 65
3 74
3 79
3 81
2 63
3 78
5 70
2 86
3 79
1 62
1 61
1 60
2 67
1 73
3 90
4 73
3 69
2 60
5 83
1 93
2 84
5 75
4 62
4 69
4 81
4 64
4 90
1 90
1 77
1 73
2 92
5 89
2 63
5 72
4 92
3 64
5 60
2 64
2 62
1 90
5 91
2 63
3 60
5 90
2 92
5 84
1 66
1 88
1 66
2 83
3 76
5 62
4 84
2 84
5 70
2 90
2 81
1 88
5 90
3 86
1 94
4 77
5 70
5 90
3 74
4 78
3 85
4 85
4 87
5 68
2 71
3 88
1 60
2 82
4 71
2 67
1 68
3 70
4 94
5 88
5 71
4 74
3 82
1 70
5 71
2 75
2 65
5 86
1 66
1 84
1 60
5 88
2 77
3 64
1 81
3 61
5 93
2 72
2 92
5 62
1 75
1 71
5 79
1 61
5 93
1 81